# Auto-generated by Gradle. Do not edit manually.
appVersionCode=1778752453
appVersionName=2026.05.14.095413
generatedAt=2026-05-14T09:54:13.982398400Z
