# Auto-generated by Gradle. Do not edit manually.
appVersionCode=1778897526
appVersionName=2026.05.16.021206
generatedAt=2026-05-16T02:12:06.525549800Z
