# Auto-generated by Gradle. Do not edit manually.
appVersionCode=1779087958
appVersionName=2026.05.18.070558
generatedAt=2026-05-18T07:05:58.892252600Z
