# Auto-generated by Gradle. Do not edit manually.
appVersionCode=1778807123
appVersionName=2026.05.15.010523
generatedAt=2026-05-15T01:05:23.581445400Z
